0 0.760000 0.800403 0.020000 0.012097
0 0.945000 0.737903 0.025000 0.016129
0 0.712500 0.635081 0.015000 0.012097
0 0.795000 0.562500 0.015000 0.012097
0 0.628750 0.939516 0.022500 0.016129
0 0.533750 0.798387 0.022500 0.016129
0 0.537500 0.669355 0.015000 0.008065
0 0.382500 0.780242 0.020000 0.012097
0 0.443750 0.598790 0.012500 0.012097
0 0.218750 0.881048 0.027500 0.012097
0 0.242500 0.699597 0.020000 0.012097
0 0.561250 0.493952 0.012500 0.012097
0 0.615000 0.467742 0.010000 0.008065
0 0.677500 0.483871 0.015000 0.008065
